244
270
286
296.3
304.5
310
313
314
314
315.9
315.9
315.9
315.9
315.9
315.9
315.9
315.9
319
323.7
324.4
333.2
350.5
350.5
372
376
382.9
392.1
392.1
392.1
398
409.3
423
440.9
464
465.5
473
473
473
473
473
477
482.5
484.4
486
487.5
499.9
511
517.2
528.6
539.7
539.7
539.7
539.7
539.7
539.7
539.7
548.4
562
563
569
593.8
611
611.3
612
613
615.5
615.5
616
616
616
617
617.5
617.5
617.5
617.5
617.5
617.5
617.5
617.5
617.5
617.5
617.5
617.5
617.5
617.5
617.5
617.5
617.5
617.5
617.5
617.5
617.5
617.5
617.5
617.5
617.5
617.5
617.5
617.5
617.5
617.5
617.5
617.5
617.5
617.5
617.5
617.5
617.5
617.5
617.5
617.5
617.5
617.5
617.5
617.5
617.5
617.5
617.5
617.5
617.5
617.5
617.5
617.5
617.5
617.5
617.5
617.5
617.5
617.5
617.5
617.5
617.5
617.5
617.5
617.5
617.5
617.5
617.5
617.5
617.5
617.5
618
618
620
620.7
643.9
651
674.2
919.5
921
921
921
922
922
922
922
923.5
924
924
924
924
924
924
924
924
924
924
924
924
924
924
924
926
1225
1225
1225.5
1225.5
1225.5
1225.5
1225.5
1225.5
1225.5
1225.5
1225.5
1225.5
1225.5
1225.5
1225.5
1225.5
1226
1227.5
1530.3
1530.3
1530.3
1530.3
1530.3
1531
1536.7
1536.7
1536.7
1536.7
1604
1679.5
1679.5
1679.5
1679.5
1681.5
1755.7
1757
1829.5
2133.6
2133.6
2133.6
2133.6
2133.6
2133.6
2133.6
2133.6
2133.6
2133.6
2137
2138
2139
2139
2140
2140